-1.024331E-12  3.005321E-12 -8.680581E-01
 1.411536E-10 -5.336024E-11 -1.627560E+00
-3.506734E-11  3.935641E-12 -1.504025E+00
 7.654550E-11 -7.462295E-12 -1.352081E+00
 1.268852E-12  9.836364E-13 -1.149806E+00
-1.051556E-12  1.520865E-11 -9.019924E-01
-7.181726E-11 -9.184921E-11 -6.331679E-01
 7.052890E-11  8.624978E-12 -3.768225E-01
-1.135376E-11  4.969796E-12 -1.073604E-01
 2.304531E-11 -2.022015E-11 -7.071074E-01
-1.565656E-10  1.887485E-11 -2.154343E+00
 7.032967E-11 -3.755168E-11 -2.774189E+00
 6.356985E-12  1.278888E-10 -2.559946E+00
-1.198082E-10 -1.079098E-10 -2.296182E+00
-5.967140E-12 -7.802586E-11 -1.949360E+00
-9.005241E-11 -1.127084E-10 -1.520792E+00
 7.456992E-12  1.062556E-10 -1.047434E+00
-6.827031E-11 -2.058418E-11 -5.777419E-01
 3.334968E-11 -2.576941E-11 -1.164053E-01
-2.084716E-11  1.765279E-11  6.460222E-02
 9.598425E-12 -4.717393E-11 -5.661941E-01
 1.050525E-10 -1.084939E-10 -1.745853E+00
 2.119793E-11  1.371915E-11 -2.286202E+00
 5.226776E-11 -9.656594E-12 -2.157400E+00
 5.498992E-11  6.018798E-11 -2.007976E+00
-6.957412E-12 -8.911989E-11 -1.819699E+00
 3.602728E-11 -6.196177E-11 -1.560777E+00
-1.104594E-10 -3.746306E-11 -1.221329E+00
 7.235944E-11 -1.069034E-11 -8.242733E-01
-4.901724E-11 -9.170677E-12 -3.977994E-01
 2.774257E-11  2.355774E-11  4.413022E-02
-7.897773E-11  4.210318E-11  3.535998E-01
-5.687058E-12 -1.079067E-11  2.186122E-01
-6.102726E-11  6.454650E-13 -9.701182E-01
 8.430692E-11  5.734591E-12 -1.853012E+00
-1.633829E-10 -1.233477E-11 -1.744579E+00
 2.007058E-11  6.520793E-12 -1.645154E+00
-4.803288E-11 -1.213442E-10 -1.548172E+00
-2.054537E-11 -4.243083E-12 -1.426197E+00
-5.909369E-11  3.978597E-11 -1.246246E+00
 3.194702E-11 -8.187731E-11 -9.911097E-01
-1.689962E-10 -3.043497E-11 -6.665524E-01
 7.114291E-11 -9.413865E-11 -2.813481E-01
 1.895646E-10 -1.385206E-10  1.566696E-01
-6.496187E-12 -1.429457E-10  6.185718E-01
 1.423589E-11  6.116985E-11  4.749817E-01
 2.396062E-11  4.669828E-11 -7.485576E-01
 1.034560E-10  5.434853E-11 -1.414770E+00
-4.703616E-11  3.609014E-11 -1.321736E+00
 1.927797E-10  1.076011E-10 -1.248687E+00
 5.451132E-11  3.509958E-11 -1.181126E+00
 7.807860E-11  1.554331E-10 -1.097232E+00
 2.524902E-11  3.274835E-11 -9.754336E-01
 2.001680E-11  7.416874E-12 -7.954872E-01
-2.298593E-10 -6.594267E-11 -5.429561E-01
 4.204886E-11  1.632910E-10 -1.987428E-01
 2.857918E-11  1.071688E-10  2.405662E-01
 1.619270E-11  1.744426E-11  7.267842E-01
 3.158418E-11  1.276394E-11  5.354468E-01
-9.726589E-12 -9.508720E-11 -5.580825E-01
-3.748115E-11  9.478906E-11 -1.061267E+00
-2.067940E-10 -3.549263E-11 -1.001802E+00
 1.104504E-10 -4.383642E-11 -9.528102E-01
-7.755095E-12 -8.157445E-12 -8.991310E-01
 2.147799E-11 -2.581393E-10 -8.333071E-01
-2.537882E-11 -2.201068E-10 -7.507246E-01
-5.635717E-11  7.067660E-11 -6.313468E-01
 1.171680E-10  1.425765E-10 -4.389496E-01
 2.232842E-11  9.088990E-12 -1.260702E-01
-1.311649E-11  2.100677E-11  3.219807E-01
-6.301866E-11  1.397734E-11  8.396958E-01
 4.350120E-12 -1.144162E-12  6.002629E-01
-5.209529E-11  3.138737E-11 -4.115678E-01
 2.821032E-11 -2.513198E-11 -7.966155E-01
 7.876168E-11  7.797788E-11 -7.705005E-01
-3.419961E-11 -3.186172E-11 -7.446817E-01
-4.458375E-11 -1.189655E-11 -7.056552E-01
 8.478691E-12  2.808462E-11 -6.561644E-01
-6.333613E-11  2.174602E-10 -6.008049E-01
 1.258808E-10 -1.215724E-10 -5.181681E-01
-4.242092E-11 -2.909073E-10 -3.572502E-01
-3.248786E-10  2.539055E-11 -5.411335E-02
 2.430593E-10 -1.152069E-11  4.092001E-01
 7.914199E-11 -1.304611E-10  9.537213E-01
-3.436370E-10 -8.695798E-12  6.640760E-01
 6.292304E-11  5.193674E-11 -3.107945E-01
 4.871743E-11 -2.120444E-11 -6.202127E-01
 1.397647E-10 -1.631843E-10 -6.206534E-01
 4.226579E-11  1.046196E-10 -6.168825E-01
 5.930973E-11  5.881779E-11 -5.995483E-01
-2.564279E-10  1.519580E-10 -5.723513E-01
-1.074660E-10  9.574800E-11 -5.362761E-01
 2.740517E-10 -2.442607E-11 -4.641048E-01
-6.681024E-11  5.323681E-12 -3.016512E-01
-4.124505E-11  6.844903E-11  1.293447E-02
-1.400207E-11  9.538173E-11  4.919322E-01
 2.690785E-11  6.122006E-11  1.049478E+00
-6.211060E-11  3.390297E-11  7.142329E-01
-8.675394E-11  9.943020E-12 -2.555889E-01
-7.641590E-11 -8.587985E-11 -5.359770E-01
 8.298081E-11  7.559196E-11 -5.613808E-01
 6.632938E-11  1.833992E-11 -5.804007E-01
-1.435783E-11  1.373693E-11 -5.902418E-01
-5.063928E-11 -3.290863E-11 -5.883988E-01
 7.002073E-11  1.696157E-10 -5.630642E-01
 1.633741E-10 -9.574150E-11 -4.805692E-01
-4.407322E-10  6.619528E-11 -2.939034E-01
 1.025025E-11  3.149548E-12  4.324235E-02
-1.469036E-10  1.287665E-10  5.309939E-01
 9.859485E-11  2.529087E-11  1.088839E+00
 2.014757E-11  3.460853E-12  7.342470E-01
-1.457552E-10 -7.339849E-12 -2.395958E-01
-1.032026E-10  1.810418E-11 -5.463638E-01
 1.577836E-11  2.613781E-11 -6.087662E-01
 5.064970E-11 -6.573226E-11 -6.544610E-01
-2.606653E-11  6.922020E-11 -6.900788E-01
 1.511025E-10 -5.944022E-11 -7.080766E-01
 8.945852E-11  4.768634E-11 -6.838390E-01
 1.911794E-10  6.508721E-11 -5.817374E-01
 3.797599E-11 -3.128936E-11 -3.668034E-01
 1.394943E-11 -7.643535E-11 -1.410624E-02
-1.562967E-11 -8.270213E-12  4.635559E-01
 7.773576E-12  2.529766E-11  7.272899E-01
-1.352635E-11 -7.001487E-12  3.681454E-01
 2.033006E-11 -1.953213E-11 -1.239885E-01
 2.349125E-11 -6.364820E-11 -4.972058E-01
 6.136550E-11 -5.655679E-11 -7.737395E-01
-2.154819E-11 -1.879512E-10 -8.463666E-01
 7.994094E-11  1.896113E-10 -9.020100E-01
-1.232040E-11 -7.728845E-11 -9.311639E-01
-2.016141E-10  6.463310E-11 -9.016144E-01
-3.644537E-11  1.569146E-10 -7.813756E-01
-6.157172E-11  3.289541E-11 -5.535100E-01
 8.483907E-11 -2.408580E-11 -2.119495E-01
-5.337671E-11 -3.073379E-11  1.604895E-01
-1.380638E-11  9.653638E-12  1.729389E-01
 5.831203E-11 -1.449214E-12 -2.111626E-01
-1.061018E-10 -7.345406E-11 -7.725962E-01
 9.622117E-11  1.353778E-10 -1.128375E+00
-9.043400E-11  9.019794E-11 -1.201046E+00
-2.522776E-12 -1.819010E-11 -1.246078E+00
-1.937036E-10  6.278594E-11 -1.214642E+00
 5.422261E-11 -4.212673E-11 -1.083261E+00
-6.012343E-11 -6.406345E-11 -8.668130E-01
-3.614573E-11 -2.516740E-11 -4.256754E-01
 3.376116E-12  5.553454E-12 -4.437831E-02
-4.365948E-11  4.819956E-12 -3.344390E-01
 6.515550E-11  5.057284E-11 -6.675485E-01
-3.047550E-11  8.512282E-11 -7.198628E-01
-1.691238E-11 -2.271320E-11 -7.572055E-01
 6.835292E-11 -5.002108E-11 -7.460250E-01
 2.375439E-11 -4.960638E-12 -6.780362E-01
 1.208202E-11  3.374760E-11 -5.752762E-01
-1.631105E-11  2.522838E-11 -2.551535E-01